# total cross section in pb units:  LO LO_err +LO_up -LO_dn,  NLO NLO_err +NLO_up -NLO_dn
#tot  8.965885e+02 3.230154e-01 7.317186e+01 -8.377224e+01  1.037965e+03 7.346647e+00 3.611220e+01 -5.323134e+01

# rapidity distribution:  Y,  LO LO_err +LO_up -LO_dn,  NLO NLO_err +NLO_up -NLO_dn
#Yll  0.000000e+00  3.073194e+02 8.570648e-02 2.964673e+01 -3.317240e+01  3.540389e+02 1.520910e-01 1.044911e+01 -1.739463e+01
#Yll  1.000000e-01  3.074187e+02 8.073500e-02 2.951091e+01 -3.324200e+01  3.528845e+02 1.780473e-01 1.029909e+01 -1.521049e+01
#Yll  2.000000e-01  3.070831e+02 8.874405e-02 2.945816e+01 -3.316611e+01  3.531743e+02 1.342688e-01 1.067654e+01 -1.663088e+01
#Yll  3.000000e-01  3.065043e+02 8.650598e-02 2.937183e+01 -3.299210e+01  3.526256e+02 1.815844e-01 1.031912e+01 -1.621157e+01
#Yll  4.000000e-01  3.056109e+02 8.579234e-02 2.918863e+01 -3.279606e+01  3.525037e+02 2.088955e-01 1.060392e+01 -1.814263e+01
#Yll  5.000000e-01  3.047959e+02 8.539226e-02 2.899655e+01 -3.257486e+01  3.524563e+02 1.222782e-01 1.161194e+01 -2.136021e+01
#Yll  6.000000e-01  3.033458e+02 8.301907e-02 2.878084e+01 -3.219287e+01  3.498887e+02 1.507454e-01 1.073325e+01 -1.816826e+01
#Yll  7.000000e-01  3.017693e+02 8.606378e-02 2.843955e+01 -3.187298e+01  3.478797e+02 1.334104e-01 1.073058e+01 -1.742518e+01
#Yll  8.000000e-01  3.001638e+02 8.661871e-02 2.801532e+01 -3.157020e+01  3.458464e+02 1.540632e-01 1.041232e+01 -1.526532e+01
#Yll  9.000000e-01  2.980276e+02 8.707355e-02 2.764817e+01 -3.108496e+01  3.444236e+02 1.605667e-01 1.042191e+01 -1.741715e+01
#Yll  1.000000e+00  2.959075e+02 8.512423e-02 2.715702e+01 -3.066701e+01  3.434401e+02 1.440162e-01 1.174726e+01 -2.160897e+01
#Yll  1.100000e+00  2.935972e+02 8.277095e-02 2.681614e+01 -3.007280e+01  3.396419e+02 1.480653e-01 1.088201e+01 -1.844331e+01
#Yll  1.200000e+00  2.910309e+02 8.430232e-02 2.616857e+01 -2.964713e+01  3.365074e+02 1.950221e-01 1.024644e+01 -1.638787e+01
#Yll  1.300000e+00  2.882217e+02 7.844277e-02 2.567692e+01 -2.902276e+01  3.340913e+02 1.294369e-01 1.128291e+01 -1.827100e+01
#Yll  1.400000e+00  2.852691e+02 8.103992e-02 2.506411e+01 -2.844928e+01  3.316959e+02 1.450687e-01 1.300702e+01 -2.180718e+01
#Yll  1.500000e+00  2.819376e+02 7.674286e-02 2.476030e+01 -2.754793e+01  3.283438e+02 1.226858e-01 1.185788e+01 -2.067430e+01
#Yll  1.600000e+00  2.788977e+02 7.390005e-02 2.387255e+01 -2.712812e+01  3.238053e+02 1.393475e-01 1.109364e+01 -1.746523e+01
#Yll  1.700000e+00  2.756003e+02 7.885909e-02 2.328062e+01 -2.642771e+01  3.199309e+02 1.247103e-01 1.056795e+01 -1.703227e+01
#Yll  1.800000e+00  2.717406e+02 7.443737e-02 2.274941e+01 -2.556727e+01  3.152808e+02 1.277647e-01 1.049667e+01 -1.527660e+01
#Yll  1.900000e+00  2.680064e+02 7.489158e-02 2.193266e+01 -2.493997e+01  3.120789e+02 1.134503e-01 1.162259e+01 -1.876884e+01
#Yll  2.000000e+00  2.641016e+02 6.948821e-02 2.110865e+01 -2.427226e+01  3.069794e+02 1.048741e-01 1.096440e+01 -1.652690e+01
#Yll  2.100000e+00  2.597010e+02 7.450491e-02 2.044176e+01 -2.333742e+01  3.011882e+02 1.261850e-01 9.630382e+00 -1.255710e+01
#Yll  2.200000e+00  2.549421e+02 6.924445e-02 1.966752e+01 -2.243766e+01  2.960159e+02 1.187492e-01 1.020310e+01 -1.377258e+01
#Yll  2.300000e+00  2.497779e+02 7.244002e-02 1.877375e+01 -2.152250e+01  2.907891e+02 1.015524e-01 1.113409e+01 -1.697133e+01
#Yll  2.400000e+00  2.436744e+02 6.849472e-02 1.781605e+01 -2.051228e+01  2.828575e+02 9.519800e-02 9.594145e+00 -1.195380e+01
#Yll  2.500000e+00  2.369373e+02 6.246195e-02 1.680482e+01 -1.942001e+01  2.754956e+02 1.025128e-01 1.068312e+01 -1.517285e+01
#Yll  2.600000e+00  2.287342e+02 6.160339e-02 1.567277e+01 -1.821935e+01  2.655663e+02 9.373084e-02 9.653550e+00 -1.262747e+01
#Yll  2.700000e+00  2.195812e+02 6.188385e-02 1.444903e+01 -1.695648e+01  2.554716e+02 1.067569e-01 1.025088e+01 -1.471795e+01
#Yll  2.800000e+00  2.089997e+02 6.133754e-02 1.316229e+01 -1.556775e+01  2.419131e+02 9.354953e-02 8.540501e+00 -1.011442e+01
#Yll  2.900000e+00  1.968201e+02 5.201354e-02 1.179695e+01 -1.407401e+01  2.285104e+02 8.148168e-02 9.713238e+00 -1.282840e+01
#Yll  3.000000e+00  1.831102e+02 5.092537e-02 1.038251e+01 -1.248840e+01  2.123679e+02 8.398629e-02 8.090561e+00 -1.030996e+01
#Yll  3.100000e+00  1.678576e+02 4.620405e-02 8.868381e+00 -1.088026e+01  1.945724e+02 7.691839e-02 7.894710e+00 -1.009376e+01
#Yll  3.200000e+00  1.512218e+02 4.166564e-02 7.411688e+00 -9.177387e+00  1.751356e+02 7.897012e-02 6.802942e+00 -8.338639e+00
#Yll  3.300000e+00  1.334144e+02 3.632830e-02 5.901530e+00 -7.528732e+00  1.543327e+02 1.136911e-01 6.151661e+00 -6.720596e+00
#Yll  3.400000e+00  1.146568e+02 3.106169e-02 4.484835e+00 -5.868720e+00  1.328242e+02 5.585808e-02 5.562474e+00 -6.315654e+00
#Yll  3.500000e+00  9.520065e+01 2.798698e-02 3.194354e+00 -4.269323e+00  1.105037e+02 8.568211e-02 4.392818e+00 -4.590358e+00
#Yll  3.600000e+00  7.585247e+01 2.032595e-02 2.004970e+00 -2.904838e+00  8.825181e+01 6.340606e-02 3.757627e+00 -3.769194e+00
